Season
	1, 2, 3, 4, 5, S, W

Rim Size
	0, 00.8, 08, 10, 10.12, 1000, 11, 11.00, 113, 12, 13, 14, 14.5, 15, 15.3, 15.5, 153, 16, 16.5, 16.54, 165, 169, 17, 17.5, 17.53, 17.55, 170, 175, 18, 181, 19, 19.5, 19.54, 195, 2 20, 20, 21, 22, 22.2, 22.25, 22.5, 22.54, 225, 2255, 228, 23, 24, 24.5, 245, 24Z, 25, 26, 26.5, 28, 30, 30.5, 31, 318, 32, 34, 340, 36, 365, 38, 39, 390, 4, 400, 42, 420, 44, 46, 48, 5, 52, 533, 54, 6, 6.5, 650, 69, 7, 7.5, 8, 8.10, 8.3, 800, 850, 9, B067N, D, L

Profile
	-, 0, 00, 07, 10, 10.5, 10.50, 100, 1000, 1050, 11, 11.00, 11.5, 1100, 1150, 12, 12.5, 12.50, 1200, 125, 1250, 13, 1300, 1350, 15, 1550, 16, 17.5, 175, 18, 180, 1800, 20, 21, 225, 245, 25, 30, 32, 35, 350, 4, 40, 400, 42, 45, 450, 47, 5, 5.00, 5.50, 50, 500, 525, 53, 530, 54, 55, 550, 555, 57, 570, 58, 580, 595, 6.5, 6.50, 60, 600, 61, 615, 617, 62, 620, 625, 63, 635, 64, 640, 645, 65, 650, 66, 660, 67, 68, 680, 69, 690, 7, 70, 700, 705, 71, 72, 74, 75, 750, 8, 8.0, 8.00, 8.5, 8.50, 80, 800, 80B, 85, 850, 9, 9.5, 9.50, 90, 900, 95, 950, B057N, B066L, B067D, L
Speed
	0, 1, 11, 12, 14, 6, 74, 77, 79, 80, 83, 86, 87, 8A, 91, 96, 97, A, A2, A3, A5, A6, A8, AA, AB, B, C, D, DE, E, F, G, H, HR, HS, I, J, JE, JF, JK, K, KL, L, LJ, LK, LM, M, M1, ML, N, O, P, Q, R, R1, S, S1, SH, T, TL, TR, V, W, W5, WR, Y, Z, ZR
Width
	0, 10, 10.0, 10.00, 10.5, 100, 1000, 101, 105, 1050, 11, 11.00, 11.2, 11.5, 110, 1100, 112, 115, 11L, 12, 12.0, 12.4, 12.5, 120, 1200, 124, 125, 1250, 12550, 13, 13.0, 13.6, 130, 1300, 135, 136, 14, 14.0, 14.5, 14.9, 140, 145, 149, 15, 15.0, 15.5, 150, 155, 16, 16.0, 16.5, 16.9, 160, 1600, 165, 17, 17.5, 170, 175, 18, 18.4, 18.5, 180, 184, 185, 19, 19.0, 190, 195, 19CR, 2, 2.00, 2.25, 2.5, 2.50, 2.75, 20, 20.5, 20.8, 200, 205, 21, 210, 215, 216, 217, 22, 22.5, 220, 225, 23, 23.1, 230, 235, 24, 240, 245, 245.3, 25, 250, 255, 26, 260, 265, 27, 270, 275, 28, 28.1, 280, 285, 29, 295, 3, 3.00, 3.25, 3.50, 3.60, 30, 300, 305, 309, 31, 310, 3110, 315, 318, 32, 320, 325, 33, 335, 340, 345, 35, 350, 355, 360, 365, 37, 375, 380, 385, 395, 4.00, 4.10, 4.25, 4.50, 4.60, 4.80, 400, 405, 410, 412, 420, 425, 435, 44, 440, 445, 450, 455, 460, 475, 480, 495, 5, 5.00, 5.25, 5.75, 500, 520, 530, 540, 550, 560, 570, 580, 6, 6.00, 6.5, 6.50, 6.70, 60, 600, 620, 64, 640, 650, 670, 690, 7, 7.50, 70, 700, 710, 750, 8, 8.15, 8.25, 8.3, 8.5, 8.75, 80, 800, 815, 820, 825, 83, 85, 850, 9, 9.5, 9.5R, 90, 900, 95, 950, B010D, B057D, B069D, B072D, B075D, B078D, B085D, B089D, B095D, B644D, B655D, B656D, MCT10, MT90, T1690100TUBE, T16E2

Extraload
	N, Y 	
Runflat
	N, Y 	
Tyreclass
	C1, C2, C3, CA, NA
Rrc Grade
	., 0, A, B, C, D, E, F, G 	
Wetgrip
	0, 100, 300 	
Wetgrip grade
	0, A, B, C, D, E, F, G, R, V 
Noisedb
	0, 1, 65, 66, 67, 68, 69, 70, 702, 71, 72, 720, 73, 74, 75, 76, 77, 78, 79 
Bar Rating
	0, 1, 2, 3, 7 